$ANSIBLE_VAULT;1.1;AES256
66386662353430643234346232633536653337646563396330323663343030313161326631633630
3036393437343139313432383564326139396362633833660a376663386537373033356435623239
64646130333765303964303961346435646365613262313761636165353239366264386238666133
6337316366316332320a353664656264313663393966643737343931313731616331343732323038
36376133326666353335363630613261373935383133393366656261613466323133373764376532
61363633333135666635323238373765626133326231636565663264366266613036346330306335
37363061376433343032383264663566373038333237386165626666323739653733643061323930
34626639386236386230633030313831313430306539313264626562623432383664666331656339
65663034633434386162306636313535386365366231626635393531343336313531316361633238
38303864393432313431623034383038376239323438626134656433336461666365316165643631
35623763646665303730373032656361656139363237636431333338663432666661326466626434
36613833623765356637313363343139613537653635396332363634623962663232626630323332
38343864353664343763663035653964363238383461386534653966663739636439623166356532
61646161303339343463363932383364313832393463666561653233333566326662323039346131
63336363386663333634313432333431343837323463366566336331323930646630656164323232
65303735623661343034386234626564336234323433633864653764646438343637363762313863
37383362303236373134363039323663313232343963613830333033393036396433393134653663
63626539393566396565303565376538313437663363646661663839646462343437646232383539
30663332653365313864616662313939343063366233393165326536316362333538313036613532
33313061643830353765653934336464306532633235373230376264383231613464666361366131
37343665323136663666383764623232353363633839363736353430353735613632353738363234
62396261613837323232303732623565623964303162353338653138393733653136666439383864
66643664393035313434373035323261363866383438313339326462366234666536383563633462
36323463313233383636643234303766656262663936393065303738313861326538613138663065
65326236346533626632616337306439336331333836313136396164623833333430
